[
  [
    [-76.9483412, -12.160958],
    [-76.9478155, -12.161797],
    [-76.9473595, -12.1615296],
    [-76.9479013, -12.1607168],
    [-76.9483412, -12.160958]
  ],
  [
    [-77.0359573, -12.0302096],
    [-77.0431242, -12.0379745],
    [-77.039133, -12.038751],
    [-77.0372019, -12.0369042],
    [-77.0348415, -12.038667],
    [-77.0311937, -12.0407236],
    [-77.0306787, -12.0388139],
    [-77.0319233, -12.0380375],
    [-77.0297775, -12.0347846],
    [-77.0359573, -12.0302096]
  ],
  [
    [-77.0317339, -12.0190164],
    [-77.0330643, -12.0202231],
    [-77.032721, -12.0205274],
    [-77.0313799, -12.0193626],
    [-77.0317339, -12.0190164]
  ],
  [
    [-77.0308679, -12.0172827],
    [-77.0304388, -12.0178389],
    [-77.0296985, -12.0181747],
    [-77.0292479, -12.0187938],
    [-77.028808, -12.0196648],
    [-77.0284969, -12.0195074],
    [-77.0286471, -12.0185944],
    [-77.0292479, -12.0177969],
    [-77.0302779, -12.0172408],
    [-77.0308679, -12.0172827]
  ],
  [
    [-77.0360612, -11.8880782],
    [-77.0369624, -11.8896425],
    [-77.0364582, -11.889842],
    [-77.0356321, -11.8882987],
    [-77.0360612, -11.8880782]
  ],
  [
    [-77.046691, -11.9075322],
    [-77.0472489, -11.908729],
    [-77.0481072, -11.9088969],
    [-77.0498453, -11.9119833],
    [-77.0445881, -11.9150906],
    [-77.0436225, -11.9127602],
    [-77.0422707, -11.9130331],
    [-77.0420776, -11.9123822],
    [-77.0434294, -11.9119833],
    [-77.042099, -11.9103247],
    [-77.046691, -11.9075322]
  ],
  [
    [-77.0553436, -11.9275654],
    [-77.0532407, -11.9286571],
    [-77.0526399, -11.9276913],
    [-77.0522966, -11.9257598],
    [-77.0518245, -11.9229466],
    [-77.0515026, -11.921078],
    [-77.0506229, -11.9195874],
    [-77.0530476, -11.9183697],
    [-77.0544638, -11.920973],
    [-77.0553436, -11.9206371],
    [-77.0567812, -11.9236604],
    [-77.0560088, -11.9241642],
    [-77.0564594, -11.925256],
    [-77.0554079, -11.9259278],
    [-77.0554938, -11.9263267],
    [-77.0551075, -11.9265366],
    [-77.0553436, -11.9275654]
  ],
  [
    [-77.1329398, -12.0678633],
    [-77.1331544, -12.0692692],
    [-77.1319527, -12.0702134],
    [-77.1238632, -12.0734868],
    [-77.122168, -12.0713675],
    [-77.1194644, -12.0661007],
    [-77.1199364, -12.0655813],
    [-77.1329398, -12.0678633]
  ],
  [
    [-77.1198506, -12.0705801],
    [-77.1191747, -12.0709578],
    [-77.1189172, -12.0705801],
    [-77.1196253, -12.0701604],
    [-77.1198506, -12.0705801]
  ],
  [
    [-77.050894, -11.9769164],
    [-77.0550138, -11.9780866],
    [-77.0547778, -11.9788423],
    [-77.0506901, -11.9776931],
    [-77.050894, -11.9769164]
  ],
  [
    [-77.0561161, -11.9772032],
    [-77.0558962, -11.9779641],
    [-77.0547804, -11.977665],
    [-77.054995, -11.9769356],
    [-77.0561161, -11.9772032]
  ],
  [
    [-76.9285704, -12.2409481],
    [-76.9302334, -12.2418184],
    [-76.9294179, -12.2431162],
    [-76.9278033, -12.2421172],
    [-76.9285704, -12.2409481]
  ],
  [
    [-77.1329973, -12.0677295],
    [-77.1211742, -12.0657781],
    [-77.1310232, -12.0621689],
    [-77.1329973, -12.0677295]
  ],
  [
    [-77.1314478, -12.0481956],
    [-77.1320942, -12.0490428],
    [-77.1330893, -12.0493248],
    [-77.1329592, -12.049875],
    [-77.1318427, -12.0496465],
    [-77.13166, -12.049422],
    [-77.13137, -12.0495963],
    [-77.1307585, -12.0487648],
    [-77.1314478, -12.0481956]
  ],
  [
    [-76.9686225, -12.1628799],
    [-76.9687646, -12.1634646],
    [-76.9682926, -12.1635879],
    [-76.9681504, -12.1630189],
    [-76.9686225, -12.1628799]
  ],
  [
    [-76.9805707, -12.1866168],
    [-76.9805331, -12.187073],
    [-76.980501, -12.1873719],
    [-76.980501, -12.1875974],
    [-76.9796105, -12.1873194],
    [-76.979766, -12.1864123],
    [-76.9805707, -12.1866168]
  ],
  [
    [-77.0809394, -12.0044402],
    [-77.0811003, -12.0043615],
    [-77.0815027, -12.0043038],
    [-77.0815375, -12.0047288],
    [-77.0814973, -12.004965],
    [-77.0813927, -12.0051486],
    [-77.0812264, -12.005146],
    [-77.0811593, -12.0050751],
    [-77.0810628, -12.0046895],
    [-77.0809394, -12.0044402]
  ],
  [
    [-77.0917619, -12.0180285],
    [-77.0915151, -12.0183355],
    [-77.0910484, -12.0187132],
    [-77.0906863, -12.0184719],
    [-77.0911718, -12.0177111],
    [-77.0917619, -12.0180285]
  ],
  [
    [-76.9462266, -12.2086502],
    [-76.9469454, -12.2090539],
    [-76.9456043, -12.2113556],
    [-76.944864, -12.2108733],
    [-76.9462266, -12.2086502]
  ],
  [
    [-76.9185979, -12.2335223],
    [-76.9178254, -12.2348539],
    [-76.9174767, -12.2346389],
    [-76.9182545, -12.2333335],
    [-76.9185979, -12.2335223]
  ],
  [
    [-76.9675253, -12.0356446],
    [-76.9669808, -12.036909],
    [-76.9665919, -12.0367463],
    [-76.9671712, -12.0353665],
    [-76.9675253, -12.0356446]
  ],
  [
    [-77.0819181, -11.9311765],
    [-77.0817437, -11.9314009],
    [-77.0815319, -11.9316016],
    [-77.0804831, -11.9307514],
    [-77.0812985, -11.9297752],
    [-77.0819181, -11.9311765]
  ],
  [
    [-77.0007624, -11.9892681],
    [-76.9993864, -11.9898768],
    [-76.9991236, -11.9896171],
    [-76.9992201, -11.9895121],
    [-76.9994535, -11.9893311],
    [-77.0006041, -11.988872],
    [-77.0007624, -11.9892681]
  ],
  [
    [-77.0135206, -12.0255958],
    [-77.013483, -12.0259001],
    [-77.0118308, -12.0257218],
    [-77.0118737, -12.0252915],
    [-77.0128581, -12.0253781],
    [-77.0130512, -12.0253938],
    [-77.0135206, -12.0255958]
  ],
  [
    [-77.1096218, -12.0608059],
    [-77.1095547, -12.0612255],
    [-77.1086884, -12.0610629],
    [-77.1084845, -12.0606091],
    [-77.1096218, -12.0608059]
  ],
  [
    [-77.0512345, -12.0531633],
    [-77.0512479, -12.05416],
    [-77.0505613, -12.0540813],
    [-77.0505371, -12.0539764],
    [-77.0505264, -12.0532052],
    [-77.0512345, -12.0531633]
  ],
  [
    [-77.0380199, -11.9183899],
    [-77.0370865, -11.9192665],
    [-77.0366198, -11.918802],
    [-77.0379422, -11.9182167],
    [-77.0380199, -11.9183899]
  ]
]
